Ulica,Na trvalom pobyte,Na prechodnom pobyte,Ženy,Muži,V predproduktívnom veku,V produktívnom veku,V poproduktívnom veku
* mesto Ružomberok,654,0,238,416,85,509,60
A.Hlinku,161,4,95,70,39,95,31
Antona Bernoláka,210,6,109,107,35,135,46
Baničné,234,2,113,123,42,150,44
Björnsterna Björnsona,42,0,17,25,3,28,11
Bottova,81,3,42,42,14,57,13
Brezová,27,0,13,14,0,14,13
Bystrická cesta,2003,18,1081,940,259,1313,449
Cesta do tehelne,1,0,0,1,0,1,0
Cesta na Vlkolínec,337,9,182,164,35,187,124
Cintorínska,13,0,6,7,2,6,5
Černovských Martýrov,90,0,46,44,11,63,16
Čremošná,71,0,29,42,10,43,18
Čutkovská,188,2,96,94,25,130,35
Do Baničného,151,1,77,75,23,88,41
Do Dielca,155,1,83,73,28,81,47
Do Uhliska,126,3,69,60,16,88,25
Do Žlebín,9,0,6,3,2,3,4
Dolná,3,0,2,1,0,1,2
Dončova,96,2,56,41,19,55,23
Družstevná,38,0,24,14,8,23,7
Dušana Makovického,286,2,154,134,28,171,89
E.Bohúňa,193,2,97,98,20,128,47
Fatranská,49,0,27,22,10,30,9
Gen.Miloša Vesela,174,2,97,79,21,98,57
Hlavná,15,0,8,7,1,10,4
Hollého,233,0,133,100,63,155,15
Horská,94,0,47,47,16,51,27
Hrabovská cesta,178,2,94,86,19,111,50
Hrabovská dolina,7,1,4,4,2,5,1
Hriadky,78,1,44,35,13,42,24
Hurbanova,10,0,4,6,5,4,1
Hviezdoslavova,171,5,97,79,25,109,42
Ivana Houdeka,1690,17,861,846,258,1063,386
Jána Jančeka,83,1,44,40,9,52,23
Jánošíkova,50,0,27,23,6,32,12
Jarná,34,0,20,14,1,21,12
Jelence,212,2,111,103,38,128,48
Jozefa Hanulu,136,1,67,70,17,90,30
J.Páričku,44,0,20,24,7,24,13
J.Sladkého,99,1,52,48,8,64,28
Kalvárska,78,4,40,42,13,57,12
Karola Antona Medveckého,18,1,12,7,0,12,7
Karola Františka Palmu,150,0,80,70,17,80,53
Karola Krčméryho,122,2,68,56,19,73,32
Karola Salvu,343,2,176,169,41,184,120
Karola Sidora,379,2,188,193,47,248,86
Klačník,1,0,1,0,0,0,1
Klačno,736,4,386,354,123,521,96
Komenského,33,0,17,16,7,18,8
Korytnická,114,0,61,53,19,75,20
Kosovo,11,0,6,5,1,7,3
Ku ihrisku,60,0,30,30,11,39,10
Ku Revúcej,34,0,16,18,7,19,8
Kukučínova,68,1,37,32,7,46,16
Kuzmányho,34,2,18,18,4,24,8
Laziny,113,1,61,53,22,70,22
Lepenkáreň,19,0,10,9,5,12,2
Lesná,687,9,349,346,94,542,59
Liptovská,1018,11,523,503,151,824,51
Ľ.Štúra,25,0,15,10,4,18,3
Ľudovíta Fullu,65,0,36,29,17,36,12
Luhy,43,0,22,21,6,22,15
Majere,16,0,7,9,3,11,2
Malé domky,35,0,17,18,4,22,9
Malé Tatry,205,1,108,98,39,118,49
Malý Závoz,4,0,2,2,0,4,0
Mariánska,16,0,7,9,5,8,3
Maroša Madačova,257,3,153,107,22,146,92
Mičinô,4,0,1,3,0,4,0
Milkov,7,3,3,7,0,8,2
Mlynská,132,1,59,74,21,90,22
Mostová,48,0,25,23,4,32,12
Murgašova,28,0,15,13,1,21,6
Na Hôrky,60,0,28,32,8,36,16
Na Pruty,38,0,16,22,2,31,5
Na vyhliadke,39,0,19,20,4,22,13
Nábr.M.R.Štefánika,372,7,209,170,39,229,111
Nad Skalkou,147,4,82,69,15,100,36
Nad štadiónom,63,1,38,26,6,36,22
Nad vŕškom,25,0,11,14,4,19,2
Nám.A.Hlinku,130,2,73,59,19,81,32
Nám.slobody,194,2,100,96,23,93,80
Nám.Š.N.Hýroša,31,0,20,11,5,18,8
Nižné Matejkovo,11,0,4,7,2,5,4
Nová,190,0,94,96,26,125,39
Nová Hrboltová,166,1,92,75,25,106,36
Obvodová cesta,67,9,40,36,8,47,21
Ostrá,77,0,37,40,10,51,16
Papiernická,564,2,297,269,64,336,166
Pivovarská,87,1,49,39,15,53,20
Plavisko,942,9,504,447,119,643,189
Pod cintorínom,32,1,18,14,2,21,9
Pod Čebraťom,15,0,9,6,1,8,6
Pod Dielcom,44,0,22,22,7,27,10
Pod Hlinisko,179,0,95,84,29,118,32
Pod Kalváriou,60,0,29,31,10,35,15
Pod Ostré,77,0,41,36,5,51,21
Pod Sidorovo,20,0,8,12,1,11,8
Pod Skalami,46,1,21,26,7,25,15
Pod vŕškom,46,0,16,30,9,28,9
Podhora,40,5,22,23,8,28,9
Poľná,460,8,256,212,68,317,83
Potočná,167,4,89,81,23,109,38
Považská,281,8,148,141,62,200,27
Pri Váhu,325,3,176,152,42,209,77
Priehrada,139,2,76,65,16,92,33
Priehradka,102,0,48,54,15,67,20
Príjazdová,17,0,8,9,1,12,4
Račkov,40,0,20,20,9,27,4
Radlinského,17,0,7,10,1,8,8
Raveň,275,5,150,130,35,175,70
Riadok,425,11,233,203,59,278,99
Róberta Dúbravca,109,3,56,56,10,62,40
Ružová,8,0,4,4,0,3,5
Rybárpoľská,361,6,192,174,73,255,38
Sadová,79,1,39,41,16,42,22
Scota Viatora,136,3,77,62,28,91,20
Skalná,41,0,22,19,1,30,10
Sládkovičova,184,0,97,87,27,121,36
Slnečná,41,0,23,18,8,18,15
Smreková,355,2,182,174,43,242,71
SNP,84,1,46,39,12,64,9
Stredná,11,0,6,5,1,7,3
Strmá,14,0,8,6,3,5,6
Sv.Anny,60,2,34,27,11,32,18
Šípová,16,0,7,9,2,11,3
Školská,58,0,34,24,11,40,7
Šoltésovej,116,1,62,55,20,70,27
Športová,61,0,35,26,6,32,23
Štefana Moyzesa,902,16,537,381,110,543,265
Štefana Náhalku,38,1,22,17,5,27,7
Štiavnická,250,6,126,130,28,187,41
Tatranská cesta,341,2,177,166,57,228,58
Textilná,301,4,155,150,103,187,15
Tichá,106,2,56,52,10,58,40
Trlenská,69,1,39,31,13,43,14
Trlenská dolina,2,0,0,2,0,2,0
Vajanského,95,0,51,44,14,52,29
Vápenka,9,0,5,4,3,4,2
Vavra Šrobára,241,1,129,113,26,154,62
Včelárska,21,0,11,10,5,10,6
Veľký Polík,13,0,6,7,1,4,8
Veľký Závoz,1,2,0,3,0,0,3
Veterná,1205,6,612,598,140,937,133
Vlkolínec,23,1,12,11,2,16,5
Vyšné Matejkovo,71,0,38,33,10,49,12
Za dráhou,1411,10,760,661,177,902,342
Za járočkom,40,0,20,20,13,20,7
Za kláštorom,88,2,44,46,14,46,30
Za starým cintorínom,2,0,1,1,0,2,0
Záhradná,64,0,36,28,5,36,23
Záhumnie,17,0,8,9,0,14,3
Zarevúca,326,6,189,143,60,231,41
Záskalie,25,0,13,12,0,21,4
Zelená,66,1,42,25,6,47,14
Žigmunda Silbigera,445,10,241,211,87,316,49
Žilinská cesta,679,19,404,292,72,392,232
